
$orca_hessian_file

$act_atom
  0

$act_coord
  0

$act_energy
        0.000000

$multiplicity
  1

$hessian
42
                    0                  1                  2                  3                  4        
    0      5.9282308784E-01   1.6113682934E-02   2.6734513711E-02  -1.0437961157E-01   2.9699157909E-02
    1      1.6113682934E-02   5.7303956234E-01  -3.9787567546E-02   2.9530382174E-02  -1.3524272309E-01
    2      2.6734513711E-02  -3.9787567546E-02   5.6155337251E-01   3.8213712264E-02  -6.1019995545E-02
    3     -1.0437961157E-01   2.9530382174E-02   3.8213712264E-02   5.6473157493E-01   7.0222363131E-02
    4      2.9699157909E-02  -1.3524272309E-01  -6.1019995545E-02   7.0222363131E-02   5.5856434873E-01
    5      3.6030696716E-02  -5.8768891645E-02  -1.5753433768E-01  -3.4563471943E-03  -1.5256916987E-02
    6     -1.2718993276E-02   1.1686577346E-02  -4.3285663798E-03  -1.4397362687E-01   4.6816958956E-02
    7      1.7818921524E-02  -1.5387843947E-02   7.3985252908E-03   5.4052934907E-02  -1.3230496465E-01
    8      1.8074855470E-02  -1.4863656596E-02   1.0896398896E-02  -3.0987231714E-02   3.2167684268E-02
    9      3.4419223464E-04  -1.2966518011E-03   1.5897309598E-03  -2.6039384079E-02  -4.6116948077E-03
   10      2.0667520297E-03   1.1956616693E-03   2.8164314971E-03   1.5987259547E-02   2.3540995843E-02
   11      1.5382925790E-03   1.3207086520E-03   1.5454899190E-03  -1.2258502387E-02  -1.2689826735E-03
   12      1.9457236304E-04   2.8481521380E-04  -4.0285901629E-04  -1.3558442547E-04  -3.1318199299E-03
   13     -2.5088401405E-04  -7.9139785536E-04  -5.0587762307E-04  -2.0471763476E-03  -5.7359813634E-03
   14      3.0083395286E-04  -8.4325524464E-04  -6.5064178900E-04  -9.7957800053E-04  -7.0841702210E-03
   15     -1.6160341776E-04   1.6362268583E-04  -1.7735641875E-04   4.5061779806E-04  -1.5412940413E-03
   16     -6.9786021557E-04  -1.3177112618E-04  -1.2777385805E-03  -2.3616728846E-04  -3.8511919005E-03
   17      7.9070934329E-05  -7.1708964025E-04   2.3853880021E-05  -1.1570385023E-03   9.8532380670E-04
   18     -9.5307528631E-02  -5.9405778343E-02   8.2280113626E-02  -5.7747089264E-03  -7.0898622449E-03
   19     -5.9856660022E-02  -1.3030213859E-01   1.1174083148E-01   1.0109857804E-02   1.2523978220E-02
   20      8.2752995869E-02   1.1120386770E-01  -2.0452107379E-01   9.3354719683E-03   1.3683963031E-02
   21     -1.9112354796E-01  -1.1776616004E-01  -7.4865107132E-02   1.1463583553E-02   9.9198769224E-03
   22     -1.1718496353E-01  -1.4926323078E-01  -6.2115175706E-02  -1.5040330511E-02  -1.2378851269E-02
   23     -7.4400120810E-02  -6.2221569834E-02  -8.9628501257E-02  -1.8530101121E-02  -1.4282539622E-02
   24     -1.9382079928E-01   1.1577512419E-01  -8.0598190052E-02  -8.4289259963E-03   4.9751284004E-03
   25      1.1543803185E-01  -1.4279427856E-01   6.5243739342E-02   1.3158957534E-02  -1.1298225132E-02
   26     -8.1438443728E-02   6.6065222853E-02  -9.5131154580E-02   1.9142203144E-02  -1.4888724376E-02
   27      1.1456425371E-02   9.7284907512E-03   6.8581250720E-03  -1.9592014766E-01  -1.1353469077E-01
   28     -1.4860557851E-02  -1.2236182386E-02  -7.7442500607E-03  -1.1472650165E-01  -1.3746108506E-01
   29     -1.7713664400E-02  -1.4442560979E-02  -9.7247414815E-03  -7.6720418768E-02  -5.9183041746E-02
   30     -5.3307127661E-03  -6.7128681908E-03   9.1584561208E-03  -9.4965029421E-02  -6.1524282742E-02
   31      9.9245965900E-03   1.2740438827E-02  -1.8301952807E-02  -5.9589294779E-02  -1.3284990091E-01
   32      9.5901816385E-03   1.2654560420E-02  -1.7263493967E-02   7.9465028195E-02   1.1006528746E-01
   33     -3.3956740859E-03   2.9459749572E-03  -3.5293772299E-03  -7.9423641303E-03   1.4091760092E-02
   34      3.1028627964E-03  -1.6400981577E-03   3.0398844865E-03   6.3694734993E-03  -1.2429494598E-02
   35     -1.5935190905E-03   1.3982236554E-03  -5.9733377965E-04  -5.7170159676E-03   1.0127283483E-02
   36      1.4593911577E-03  -8.1993302387E-04  -7.4263886364E-04   1.0320235335E-02   1.5554593332E-02
   37     -1.4491319331E-03   7.1018825427E-04   3.3999127699E-04  -7.8842867433E-03  -1.1133231028E-02
   38     -1.3915053629E-05  -1.0592732560E-03   9.5407738781E-04   3.9913303741E-03   6.1221394034E-03
   39     -3.9197985373E-05  -2.2139564839E-04  -1.8824306859E-04   5.9337145665E-04   1.6421612962E-04
   40      1.3016873027E-04   1.0381341124E-04   1.8094211172E-04   8.2118386162E-05   5.6326211427E-05
   41      5.5908615115E-05   5.3493844975E-05   7.8085735080E-05  -3.6021656717E-04  -1.6351970787E-04
                    5                  6                  7                  8                  9        
    0      3.6030696716E-02  -1.2718993276E-02   1.7818921524E-02   1.8074855470E-02   3.4419223464E-04
    1     -5.8768891645E-02   1.1686577346E-02  -1.5387843947E-02  -1.4863656596E-02  -1.2966518011E-03
    2     -1.5753433768E-01  -4.3285663798E-03   7.3985252908E-03   1.0896398896E-02   1.5897309598E-03
    3     -3.4563471943E-03  -1.4397362687E-01   5.4052934907E-02  -3.0987231714E-02  -2.6039384079E-02
    4     -1.5256916987E-02   4.6816958956E-02  -1.3230496465E-01   3.2167684268E-02  -4.6116948077E-03
    5      5.7675334318E-01  -3.1614311015E-02   3.4101332632E-02  -9.8997762053E-02  -1.5192349546E-02
    6     -3.1614311015E-02   5.2287273575E-01   2.7737947547E-02  -5.7816367837E-02  -1.7381256010E-01
    7      3.4101332632E-02   2.7737947547E-02   5.6055339438E-01  -1.8921522782E-02  -5.2911058830E-02
    8     -9.8997762053E-02  -5.7816367837E-02  -1.8921522782E-02   6.1896486991E-01  -3.1404647722E-02
    9     -1.5192349546E-02  -1.7381256010E-01  -5.2911058830E-02  -3.1404647722E-02   5.7578136983E-01
   10      5.2353049065E-03  -4.7588504673E-02  -1.3126562551E-01  -2.5268462584E-02   1.5949064944E-01
   11     -8.0909074121E-03  -2.9939668413E-02  -2.6698627648E-02  -9.8581516992E-02   2.4408705887E-01
   12     -8.5723598941E-04   4.9771200200E-04  -4.7649839805E-03  -4.0309101408E-02  -2.0809973111E-01
   13     -2.4189915678E-03  -1.5672300161E-02   2.2089425925E-02  -1.1914864287E-02   6.4095748694E-03
   14     -9.7327206096E-04  -1.9767430858E-02   6.4265389012E-03  -2.4064700479E-02  -2.5012228917E-01
   15      8.9946997190E-04  -1.4932510147E-02  -3.0414962266E-02   2.0570890696E-02  -1.5198388528E-01
   16      1.6786654838E-03  -2.0667457127E-02  -1.2191209037E-02   1.7431467189E-02  -7.7337943465E-02
   17     -1.2879864186E-03  -4.7215403245E-03  -3.2261919249E-03   1.0759496882E-02   2.1999950367E-02
   18      9.1865933997E-03   3.4535815256E-04  -1.2603071179E-03   2.4552772945E-04  -2.8473459240E-04
   19     -1.7828235733E-02  -3.8870870806E-04   1.7137293091E-03  -3.7736043994E-04   2.5095368736E-04
   20     -1.8297744655E-02  -8.5292097433E-04   6.9298876382E-04   1.1360288819E-03   1.3299688498E-05
   21      5.8718467932E-03   1.2869039163E-03  -2.0570013837E-04  -1.9467342435E-04  -5.7740833249E-04
   22     -7.1326951672E-03  -1.0694964509E-03   7.2222225338E-04   4.0159349135E-04   6.8069200579E-04
   23     -9.7073918927E-03  -1.9683964059E-04   1.1736219707E-03   8.0807448919E-04  -5.1881041012E-05
   24     -6.0115746362E-03  -1.6833854969E-04   1.2265142855E-03   2.8404599596E-03   1.1407166102E-03
   25      1.0069797820E-02   1.5469852959E-03  -1.8491029927E-03  -4.0101122641E-03  -8.9491817357E-04
   26      1.1160814145E-02   2.0183196402E-03  -2.6797303638E-03  -3.4261777085E-03  -5.4836282626E-04
   27     -7.7514916662E-02  -1.9315881813E-02  -1.2978821985E-02  -8.1148275418E-03  -3.7357537722E-04
   28     -5.9392703206E-02   2.0044891855E-02   1.1234241977E-02   9.2617027925E-03   1.8404286617E-03
   29     -9.2693664365E-02  -1.0997711634E-02  -6.5142390252E-03  -5.4514157023E-03  -9.8237129558E-05
   30      8.2189499312E-02   9.3119147273E-03   1.5535592784E-02  -1.9885111502E-02   1.8998621426E-03
   31      1.1114812351E-01  -8.0951818802E-03  -1.2819969137E-02   1.5661763569E-02  -1.3708562787E-03
   32     -2.0250139170E-01   3.9583572089E-03   6.5779242312E-03  -9.2408235997E-03   1.9390439910E-03
   33      1.9346975063E-02  -7.9326476481E-02   4.9088472221E-02   6.9577892908E-02   1.4614019509E-02
   34     -1.5407017687E-02   5.0763907234E-02  -1.4523264210E-01  -1.2024545634E-01   1.0193975639E-02
   35      1.1032508730E-02   7.1508395716E-02  -1.2184861799E-01  -1.9926535683E-01   6.0272944483E-03
   36     -1.9057227623E-02  -9.2087979148E-02  -6.0422277467E-02   7.4695014611E-02  -9.7564823466E-03
   37      1.3952523415E-02  -6.2857318515E-02  -1.4528319908E-01   1.1488412680E-01  -5.2678768044E-03
   38     -8.5603201491E-03   8.1967681362E-02   1.1979044828E-01  -2.0121665725E-01  -6.9181807281E-03
   39      1.9758568727E-04   2.0217418285E-03  -2.5225943407E-03   2.6918247303E-03  -2.2852399110E-02
   40      1.5913651879E-05  -2.2379778595E-03   2.1542607558E-05   5.7968198160E-03  -3.5170927953E-02
   41     -3.0188767014E-04   7.9809819372E-04   3.7238270292E-03  -2.3204584391E-03   2.8646476804E-02
                   10                 11                 12                 13                 14        
    0      2.0667520297E-03   1.5382925790E-03   1.9457236304E-04  -2.5088401405E-04   3.0083395286E-04
    1      1.1956616693E-03   1.3207086520E-03   2.8481521380E-04  -7.9139785536E-04  -8.4325524464E-04
    2      2.8164314971E-03   1.5454899190E-03  -4.0285901629E-04  -5.0587762307E-04  -6.5064178900E-04
    3      1.5987259547E-02  -1.2258502387E-02  -1.3558442547E-04  -2.0471763476E-03  -9.7957800053E-04
    4      2.3540995843E-02  -1.2689826735E-03  -3.1318199299E-03  -5.7359813634E-03  -7.0841702210E-03
    5      5.2353049065E-03  -8.0909074121E-03  -8.5723598941E-04  -2.4189915678E-03  -9.7327206096E-04
    6     -4.7588504673E-02  -2.9939668413E-02   4.9771200200E-04  -1.5672300161E-02  -1.9767430858E-02
    7     -1.3126562551E-01  -2.6698627648E-02  -4.7649839805E-03   2.2089425925E-02   6.4265389012E-03
    8     -2.5268462584E-02  -9.8581516992E-02  -4.0309101408E-02  -1.1914864287E-02  -2.4064700479E-02
    9      1.5949064944E-01   2.4408705887E-01  -2.0809973111E-01   6.4095748694E-03  -2.5012228917E-01
   10      4.2625536352E-01  -1.0927625875E-01   5.9079132733E-04  -1.0602133370E-01   6.0036653209E-02
   11     -1.0927625875E-01   9.4756537619E-01  -2.3786315306E-01   6.9576180661E-02  -6.8541865216E-01
   12      5.9079132733E-04  -2.3786315306E-01   1.7567959636E-01  -2.1852681684E-04   2.7117684903E-01
   13     -1.0602133370E-01   6.9576180661E-02  -2.1852681684E-04   8.0136770152E-02  -1.1384851690E-01
   14      6.0036653209E-02  -6.8541865216E-01   2.7117684903E-01  -1.1384851690E-01   8.0110086742E-01
   15     -8.4688393188E-02   3.9273866640E-02   3.7941471478E-02   1.9767338235E-03   8.6586726888E-03
   16     -1.6502616344E-01   7.8147362815E-02  -1.2988642132E-03   4.2908113647E-03   5.8263885902E-02
   17      6.3628619468E-02  -1.7324861794E-01   1.6186285163E-02   6.4460747700E-02  -8.7503149959E-02
   18     -9.8548469465E-04   1.2904939879E-03   1.4644003550E-04   9.6854256232E-05  -7.6176331368E-04
   19     -2.3846827917E-04   4.7762723267E-04  -6.2048223659E-05  -3.5075669802E-06  -2.7003739192E-04
   20     -2.0506741078E-04  -2.4400549885E-04   1.2925589834E-04   6.3496894192E-05   1.8465372311E-04
   21      4.6325924070E-04  -5.6903923571E-04  -1.8437413678E-04   1.3511234130E-04   3.8945122677E-04
   22     -1.2969316521E-03  -1.2209000183E-03   9.6201884754E-05   4.6283056372E-04   8.5596323133E-04
   23     -1.7398808100E-03   1.5456203828E-03   2.4326104814E-04   3.0924497078E-04  -4.6394354423E-04
   24     -3.6105370972E-05   1.7251534321E-04  -2.1364931679E-04   1.4185646487E-05  -4.6363154063E-05
   25     -1.0559274692E-03  -9.0414242440E-04   2.4068503888E-04   3.6236819724E-04   5.4960825903E-04
   26     -6.2725342426E-04  -1.2028816183E-03   4.3446152376E-06   3.0143480971E-04   6.5460702009E-04
   27      5.4943818012E-03   2.3968458161E-04  -1.1701200631E-03  -1.3374689437E-03  -2.1553736015E-03
   28     -5.0081232592E-03   1.2019568815E-03   8.6174522126E-04   1.4682231088E-03   1.5316349514E-03
   29      3.7453362799E-03  -4.0046236197E-04  -3.7932445231E-04  -8.8508158801E-04  -4.6120863991E-04
   30      7.4421404714E-04  -1.4308646239E-03  -2.7312266517E-04  -3.8839979407E-04   5.6470703035E-04
   31     -7.0086022847E-04   2.4461729700E-04   3.6536530184E-04   4.8501340101E-04  -4.9937920721E-05
   32      2.3024952441E-03  -1.9788305666E-03  -4.0739649206E-04  -5.8688802372E-04   7.1707685036E-04
   33     -1.7665744070E-02  -2.2057317300E-02  -6.4978207862E-03   1.6735283989E-03  -1.5078652776E-03
   34     -1.0653760225E-02  -1.3626523492E-02  -2.5487640148E-03   3.9990097830E-04  -2.2039785631E-04
   35     -6.7758944822E-03  -1.2748235088E-02  -4.1264169891E-03  -2.8317438913E-04   2.9350253744E-04
   36     -1.4535636610E-02   2.4540905666E-02   1.7955885680E-03   2.0072604312E-03  -7.6890610454E-04
   37     -1.1674414995E-02   1.5539284165E-02   2.5104277907E-03   1.3844357889E-03  -4.9733612339E-04
   38     -9.2715397069E-03   8.6157830739E-03   2.3928198756E-04  -5.1555039776E-04   1.0012579450E-03
   39     -1.9341785024E-02  -6.9911796134E-03   3.1902170415E-04   7.5994751634E-03  -5.0079432103E-03
   40     -1.8050412265E-02  -1.3495490544E-02   7.0770065475E-03   1.4724410093E-03  -4.8573458599E-03
   41      1.5382704409E-02   2.2641840065E-02  -3.6067915839E-03  -3.7454471943E-03  -4.4163968678E-03
                   15                 16                 17                 18                 19        
    0     -1.6160341776E-04  -6.9786021557E-04   7.9070934329E-05  -9.5307528631E-02  -5.9856660022E-02
    1      1.6362268583E-04  -1.3177112618E-04  -7.1708964025E-04  -5.9405778343E-02  -1.3030213859E-01
    2     -1.7735641875E-04  -1.2777385805E-03   2.3853880021E-05   8.2280113626E-02   1.1174083148E-01
    3      4.5061779806E-04  -2.3616728846E-04  -1.1570385023E-03  -5.7747089264E-03   1.0109857804E-02
    4     -1.5412940413E-03  -3.8511919005E-03   9.8532380670E-04  -7.0898622449E-03   1.2523978220E-02
    5      8.9946997190E-04   1.6786654838E-03  -1.2879864186E-03   9.1865933997E-03  -1.7828235733E-02
    6     -1.4932510147E-02  -2.0667457127E-02  -4.7215403245E-03   3.4535815256E-04  -3.8870870806E-04
    7     -3.0414962266E-02  -1.2191209037E-02  -3.2261919249E-03  -1.2603071179E-03   1.7137293091E-03
    8      2.0570890696E-02   1.7431467189E-02   1.0759496882E-02   2.4552772945E-04  -3.7736043994E-04
    9     -1.5198388528E-01  -7.7337943465E-02   2.1999950367E-02  -2.8473459240E-04   2.5095368736E-04
   10     -8.4688393188E-02  -1.6502616344E-01   6.3628619468E-02  -9.8548469465E-04  -2.3846827917E-04
   11      3.9273866640E-02   7.8147362815E-02  -1.7324861794E-01   1.2904939879E-03   4.7762723267E-04
   12      3.7941471478E-02  -1.2988642132E-03   1.6186285163E-02   1.4644003550E-04  -6.2048223659E-05
   13      1.9767338235E-03   4.2908113647E-03   6.4460747700E-02   9.6854256232E-05  -3.5075669802E-06
   14      8.6586726888E-03   5.8263885902E-02  -8.7503149959E-02  -7.6176331368E-04  -2.7003739192E-04
   15      4.5546817689E-01   2.7674054197E-01   1.3418252958E-01   3.2775410719E-05  -1.3249133113E-04
   16      2.7674054197E-01   2.8743709095E-01  -5.0903321390E-02   7.0981344730E-04   2.1661391868E-04
   17      1.3418252958E-01  -5.0903321390E-02   4.0691937203E-01  -3.5125061201E-04  -2.3800248751E-05
   18      3.2775410719E-05   7.0981344730E-04  -3.5125061201E-04   9.7619869761E-02   6.3392686757E-02
   19     -1.3249133113E-04   2.1661391868E-04  -2.3800248751E-05   6.3392686757E-02   1.3719322059E-01
   20     -8.5551083954E-05   5.0947130288E-05   1.6477720173E-04  -9.2852885773E-02  -1.1834444013E-01
   21     -7.1604557540E-05  -2.0914258377E-05   2.1032741207E-04  -8.7192974719E-03  -5.6070261925E-03
   22     -6.1290472727E-05   1.8764199417E-04   3.6845841305E-04  -1.1394704061E-02  -1.0036272353E-02
   23      5.2147613708E-06   1.0595427025E-03  -3.8766648003E-04   1.8762390282E-02   1.4826494775E-02
   24     -2.2569580122E-04  -1.0745332873E-04   1.2130028306E-04   1.1432875289E-02  -8.9772177696E-03
   25      2.3476459222E-04   4.6091410842E-04   3.1098063553E-05   1.2906537223E-02  -9.6640873375E-03
   26      5.0581086776E-05   1.2678982796E-04   1.2087659278E-04  -1.8718084512E-02   1.2152698474E-02
   27     -5.0153440708E-04  -7.5863398169E-04  -7.6173082923E-05   4.9794629190E-04  -4.5209214593E-04
   28     -6.6729618758E-05   1.0754734251E-03  -4.2831239670E-04   3.3111144218E-04   1.0010999345E-03
   29      2.3609156559E-04  -6.1365794935E-04   5.9334860356E-04  -6.1891681407E-04   7.4559210307E-04
   30     -1.4227118321E-03  -2.8827624603E-04  -8.4086611661E-05  -1.2054004050E-04   2.2057806748E-03
   31     -2.4610748884E-04   3.3961958324E-04  -8.7445950268E-04   2.0549730488E-03  -2.2251775194E-03
   32      1.7673966614E-04  -1.0124363541E-03   1.0845533551E-03   1.8580581805E-03  -3.4880437320E-03
   33     -1.4634413367E-03   6.7483259555E-04   1.5138257330E-03   2.3002827153E-04  -3.3687208360E-04
   34     -1.2868194065E-03   6.3550360664E-04   1.4304271504E-03   1.1853261910E-04   8.0039297723E-05
   35      2.2301684140E-04   1.1626910729E-03   9.3748262523E-04  -1.9664293980E-04  -3.5908971661E-05
   36     -5.3006190438E-03  -4.2610508489E-03  -3.0455123541E-03  -1.7739029170E-04  -2.1316777274E-04
   37     -3.8541897448E-03  -1.3066914464E-03  -1.7109851253E-03   5.5842625536E-04  -2.0254182514E-04
   38     -2.8778479415E-03  -1.8776417309E-03  -2.6507359413E-04  -1.3401201967E-04   3.9214921393E-04
   39     -3.1782943576E-01  -1.7244225962E-01  -1.6486543206E-01   7.8906740967E-05   6.0647796528E-05
   40     -1.5683169292E-01  -1.1213664200E-01  -7.3033814106E-02  -2.6441058376E-05  -5.6487792455E-05
   41     -2.0112857399E-01  -1.0222325639E-01  -1.5791126679E-01   6.6858051846E-06   4.1803000035E-05
                   20                 21                 22                 23                 24        
    0      8.2752995869E-02  -1.9112354796E-01  -1.1718496353E-01  -7.4400120810E-02  -1.9382079928E-01
    1      1.1120386770E-01  -1.1776616004E-01  -1.4926323078E-01  -6.2221569834E-02   1.1577512419E-01
    2     -2.0452107379E-01  -7.4865107132E-02  -6.2115175706E-02  -8.9628501257E-02  -8.0598190052E-02
    3      9.3354719683E-03   1.1463583553E-02  -1.5040330511E-02  -1.8530101121E-02  -8.4289259963E-03
    4      1.3683963031E-02   9.9198769224E-03  -1.2378851269E-02  -1.4282539622E-02   4.9751284004E-03
    5     -1.8297744655E-02   5.8718467932E-03  -7.1326951672E-03  -9.7073918927E-03  -6.0115746362E-03
    6     -8.5292097433E-04   1.2869039163E-03  -1.0694964509E-03  -1.9683964059E-04  -1.6833854969E-04
    7      6.9298876382E-04  -2.0570013837E-04   7.2222225338E-04   1.1736219707E-03   1.2265142855E-03
    8      1.1360288819E-03  -1.9467342435E-04   4.0159349135E-04   8.0807448919E-04   2.8404599596E-03
    9      1.3299688498E-05  -5.7740833249E-04   6.8069200579E-04  -5.1881041012E-05   1.1407166102E-03
   10     -2.0506741078E-04   4.6325924070E-04  -1.2969316521E-03  -1.7398808100E-03  -3.6105370972E-05
   11     -2.4400549885E-04  -5.6903923571E-04  -1.2209000183E-03   1.5456203828E-03   1.7251534321E-04
   12      1.2925589834E-04  -1.8437413678E-04   9.6201884754E-05   2.4326104814E-04  -2.1364931679E-04
   13      6.3496894192E-05   1.3511234130E-04   4.6283056372E-04   3.0924497078E-04   1.4185646487E-05
   14      1.8465372311E-04   3.8945122677E-04   8.5596323133E-04  -4.6394354423E-04  -4.6363154063E-05
   15     -8.5551083954E-05  -7.1604557540E-05  -6.1290472727E-05   5.2147613708E-06  -2.2569580122E-04
   16      5.0947130288E-05  -2.0914258377E-05   1.8764199417E-04   1.0595427025E-03  -1.0745332873E-04
   17      1.6477720173E-04   2.1032741207E-04   3.6845841305E-04  -3.8766648003E-04   1.2130028306E-04
   18     -9.2852885773E-02  -8.7192974719E-03  -1.1394704061E-02   1.8762390282E-02   1.1432875289E-02
   19     -1.1834444013E-01  -5.6070261925E-03  -1.0036272353E-02   1.4826494775E-02  -8.9772177696E-03
   20      2.2109004450E-01  -5.4692103914E-03  -7.9320195276E-03   1.0959414706E-02   5.8111317510E-03
   21     -5.4692103914E-03   2.0289868396E-01   1.2644477769E-01   8.0056060061E-02  -1.5339403716E-02
   22     -7.9320195276E-03   1.2644477769E-01   1.5895272648E-01   7.1924179731E-02   1.4635073576E-02
   23      1.0959414706E-02   8.0056060061E-02   7.1924179731E-02   9.4821501730E-02  -8.1700969341E-03
   24      5.8111317510E-03  -1.5339403716E-02   1.4635073576E-02  -8.1700969341E-03   2.0537121218E-01
   25      5.1451643426E-03  -1.5008920480E-02   1.3232020044E-02  -8.5883533303E-03  -1.2787039492E-01
   26     -8.9220142438E-03  -7.0207781580E-03   7.5321142092E-03  -5.3766215054E-03   8.6300771208E-02
   27     -6.2787149747E-04  -2.1988213936E-04   2.2597032016E-03   2.5395040814E-03   7.7263293805E-04
   28      2.7388919005E-04   2.4280315322E-03  -1.7005131243E-03  -3.2564515854E-03  -9.7330994174E-05
   29      3.9636973581E-04   2.3001702286E-03  -3.1366435122E-03  -2.9865116357E-03   1.5041914362E-04
   30      1.6083569033E-03   6.4991918251E-04   2.9304948387E-04  -5.8238335201E-04  -1.3723368007E-04
   31     -3.9448902102E-03  -5.5644153800E-04   8.7527618194E-04   6.2837684751E-04  -3.3257312313E-04
   32     -2.5473316780E-03  -7.2014236651E-04   4.6271935319E-04   4.4586489374E-04  -2.3218255435E-05
   33     -3.4181674130E-04   1.4545602470E-04   1.2188966928E-04  -4.0971113096E-06  -4.6746807237E-04
   34     -8.5693610577E-05  -2.2058144404E-04   3.0952071119E-04   2.4839136212E-04   6.6263546809E-04
   35      8.6442717420E-05   3.2753675047E-05   7.3215901978E-05  -9.4225375234E-05  -4.2457150556E-04
   36      5.7157104528E-04  -7.8114954956E-05   2.2317818606E-05   1.3224584164E-04   2.9846220835E-06
   37     -5.3302329802E-04   2.0370710678E-05  -1.3235408628E-04  -1.9207946777E-05   8.1958253463E-05
   38      4.8971853109E-04  -1.7208393901E-05  -1.0319891327E-05   1.2521238685E-05  -7.2386569934E-05
   39      1.1866311394E-05  -1.3091336392E-04   1.8978648699E-04   1.8874716480E-04   8.1092768060E-05
   40     -7.8552502600E-05  -1.8391149210E-05   6.5915034723E-05  -6.3726693742E-05   5.7481349353E-05
   41      2.4719871704E-05   3.6464754007E-06  -6.8613045022E-05   5.1864249301E-05  -4.4077157336E-05
                   25                 26                 27                 28                 29        
    0      1.1543803185E-01  -8.1438443728E-02   1.1456425371E-02  -1.4860557851E-02  -1.7713664400E-02
    1     -1.4279427856E-01   6.6065222853E-02   9.7284907512E-03  -1.2236182386E-02  -1.4442560979E-02
    2      6.5243739342E-02  -9.5131154580E-02   6.8581250720E-03  -7.7442500607E-03  -9.7247414815E-03
    3      1.3158957534E-02   1.9142203144E-02  -1.9592014766E-01  -1.1472650165E-01  -7.6720418768E-02
    4     -1.1298225132E-02  -1.4888724376E-02  -1.1353469077E-01  -1.3746108506E-01  -5.9183041746E-02
    5      1.0069797820E-02   1.1160814145E-02  -7.7514916662E-02  -5.9392703206E-02  -9.2693664365E-02
    6      1.5469852959E-03   2.0183196402E-03  -1.9315881813E-02   2.0044891855E-02  -1.0997711634E-02
    7     -1.8491029927E-03  -2.6797303638E-03  -1.2978821985E-02   1.1234241977E-02  -6.5142390252E-03
    8     -4.0101122641E-03  -3.4261777085E-03  -8.1148275418E-03   9.2617027925E-03  -5.4514157023E-03
    9     -8.9491817357E-04  -5.4836282626E-04  -3.7357537722E-04   1.8404286617E-03  -9.8237129558E-05
   10     -1.0559274692E-03  -6.2725342426E-04   5.4943818012E-03  -5.0081232592E-03   3.7453362799E-03
   11     -9.0414242440E-04  -1.2028816183E-03   2.3968458161E-04   1.2019568815E-03  -4.0046236197E-04
   12      2.4068503888E-04   4.3446152376E-06  -1.1701200631E-03   8.6174522126E-04  -3.7932445231E-04
   13      3.6236819724E-04   3.0143480971E-04  -1.3374689437E-03   1.4682231088E-03  -8.8508158801E-04
   14      5.4960825903E-04   6.5460702009E-04  -2.1553736015E-03   1.5316349514E-03  -4.6120863991E-04
   15      2.3476459222E-04   5.0581086776E-05  -5.0153440708E-04  -6.6729618758E-05   2.3609156559E-04
   16      4.6091410842E-04   1.2678982796E-04  -7.5863398169E-04   1.0754734251E-03  -6.1365794935E-04
   17      3.1098063553E-05   1.2087659278E-04  -7.6173082923E-05  -4.2831239670E-04   5.9334860356E-04
   18      1.2906537223E-02  -1.8718084512E-02   4.9794629190E-04   3.3111144218E-04  -6.1891681407E-04
   19     -9.6640873375E-03   1.2152698474E-02  -4.5209214593E-04   1.0010999345E-03   7.4559210307E-04
   20      5.1451643426E-03  -8.9220142438E-03  -6.2787149747E-04   2.7388919005E-04   3.9636973581E-04
   21     -1.5008920480E-02  -7.0207781580E-03  -2.1988213936E-04   2.4280315322E-03   2.3001702286E-03
   22      1.3232020044E-02   7.5321142092E-03   2.2597032016E-03  -1.7005131243E-03  -3.1366435122E-03
   23     -8.5883533303E-03  -5.3766215054E-03   2.5395040814E-03  -3.2564515854E-03  -2.9865116357E-03
   24     -1.2787039492E-01   8.6300771208E-02   7.7263293805E-04  -9.7330994174E-05   1.5041914362E-04
   25      1.5188285506E-01  -6.8233779679E-02  -5.1752607136E-04   1.0110891500E-04   5.6896343887E-04
   26     -6.8233779679E-02   9.9633292265E-02  -5.9458700628E-04   6.0150596367E-04   1.0741413892E-03
   27     -5.1752607136E-04  -5.9458700628E-04   2.1202878975E-01   1.1816999112E-01   8.4349309430E-02
   28      1.0110891500E-04   6.0150596367E-04   1.1816999112E-01   1.4923857385E-01   6.6723685417E-02
   29      5.6896343887E-04   1.0741413892E-03   8.4349309430E-02   6.6723685417E-02   9.8039917752E-02
   30     -2.2325114997E-04  -1.7889898819E-04  -8.8872909066E-03  -1.2326473068E-02   1.8548146626E-02
   31      8.7790564971E-04   8.5476080231E-04  -5.8639014330E-03  -9.7615368541E-03   1.3573979171E-02
   32     -5.8157053664E-05   9.6472790425E-04  -5.3851542750E-03  -8.1220414863E-03   1.1032494402E-02
   33      1.2204610864E-03   9.8929355268E-04   4.2769547442E-04  -8.2986255326E-04   6.5098627418E-04
   34     -5.7865852851E-04  -9.7620247843E-04  -4.3729343970E-04   1.1285015264E-03   1.1253927507E-04
   35      3.8774949896E-04   4.8142179718E-04   6.7089469500E-04  -4.2726663112E-04   6.4107578610E-04
   36     -2.9202947695E-04  -8.2195267574E-05   1.0379000846E-03  -8.0317006189E-04   2.7528530903E-04
   37      3.5929143993E-04  -2.1492336465E-04   6.1176977050E-06   8.1537156364E-04  -4.8272711569E-04
   38     -1.6593519509E-04   7.2012960220E-06  -1.3242122652E-04  -2.1491630825E-04  -3.7033945660E-05
   39      5.3592001607E-05   6.9717814166E-05   1.6704245906E-04   3.3860954979E-05   1.4755591647E-05
   40     -3.6183387298E-05  -8.1894306086E-06   2.2230921805E-04   1.0484638651E-04  -2.1581837526E-04
   41     -4.1364641390E-05  -3.8232753822E-05  -5.3083938617E-05  -4.7589155963E-06  -2.2309536613E-05
                   30                 31                 32                 33                 34        
    0     -5.3307127661E-03   9.9245965900E-03   9.5901816385E-03  -3.3956740859E-03   3.1028627964E-03
    1     -6.7128681908E-03   1.2740438827E-02   1.2654560420E-02   2.9459749572E-03  -1.6400981577E-03
    2      9.1584561208E-03  -1.8301952807E-02  -1.7263493967E-02  -3.5293772299E-03   3.0398844865E-03
    3     -9.4965029421E-02  -5.9589294779E-02   7.9465028195E-02  -7.9423641303E-03   6.3694734993E-03
    4     -6.1524282742E-02  -1.3284990091E-01   1.1006528746E-01   1.4091760092E-02  -1.2429494598E-02
    5      8.2189499312E-02   1.1114812351E-01  -2.0250139170E-01   1.9346975063E-02  -1.5407017687E-02
    6      9.3119147273E-03  -8.0951818802E-03   3.9583572089E-03  -7.9326476481E-02   5.0763907234E-02
    7      1.5535592784E-02  -1.2819969137E-02   6.5779242312E-03   4.9088472221E-02  -1.4523264210E-01
    8     -1.9885111502E-02   1.5661763569E-02  -9.2408235997E-03   6.9577892908E-02  -1.2024545634E-01
    9      1.8998621426E-03  -1.3708562787E-03   1.9390439910E-03   1.4614019509E-02   1.0193975639E-02
   10      7.4421404714E-04  -7.0086022847E-04   2.3024952441E-03  -1.7665744070E-02  -1.0653760225E-02
   11     -1.4308646239E-03   2.4461729700E-04  -1.9788305666E-03  -2.2057317300E-02  -1.3626523492E-02
   12     -2.7312266517E-04   3.6536530184E-04  -4.0739649206E-04  -6.4978207862E-03  -2.5487640148E-03
   13     -3.8839979407E-04   4.8501340101E-04  -5.8688802372E-04   1.6735283989E-03   3.9990097830E-04
   14      5.6470703035E-04  -4.9937920721E-05   7.1707685036E-04  -1.5078652776E-03  -2.2039785631E-04
   15     -1.4227118321E-03  -2.4610748884E-04   1.7673966614E-04  -1.4634413367E-03  -1.2868194065E-03
   16     -2.8827624603E-04   3.3961958324E-04  -1.0124363541E-03   6.7483259555E-04   6.3550360664E-04
   17     -8.4086611661E-05  -8.7445950268E-04   1.0845533551E-03   1.5138257330E-03   1.4304271504E-03
   18     -1.2054004050E-04   2.0549730488E-03   1.8580581805E-03   2.3002827153E-04   1.1853261910E-04
   19      2.2057806748E-03  -2.2251775194E-03  -3.4880437320E-03  -3.3687208360E-04   8.0039297723E-05
   20      1.6083569033E-03  -3.9448902102E-03  -2.5473316780E-03  -3.4181674130E-04  -8.5693610577E-05
   21      6.4991918251E-04  -5.5644153800E-04  -7.2014236651E-04   1.4545602470E-04  -2.2058144404E-04
   22      2.9304948387E-04   8.7527618194E-04   4.6271935319E-04   1.2188966928E-04   3.0952071119E-04
   23     -5.8238335201E-04   6.2837684751E-04   4.4586489374E-04  -4.0971113096E-06   2.4839136212E-04
   24     -1.3723368007E-04  -3.3257312313E-04  -2.3218255435E-05  -4.6746807237E-04   6.6263546809E-04
   25     -2.2325114997E-04   8.7790564971E-04  -5.8157053664E-05   1.2204610864E-03  -5.7865852851E-04
   26     -1.7889898819E-04   8.5476080231E-04   9.6472790425E-04   9.8929355268E-04  -9.7620247843E-04
   27     -8.8872909066E-03  -5.8639014330E-03  -5.3851542750E-03   4.2769547442E-04  -4.3729343970E-04
   28     -1.2326473068E-02  -9.7615368541E-03  -8.1220414863E-03  -8.2986255326E-04   1.1285015264E-03
   29      1.8548146626E-02   1.3573979171E-02   1.1032494402E-02   6.5098627418E-04   1.1253927507E-04
   30      1.0168903555E-01   6.0432553535E-02  -8.8275385576E-02   1.1568786763E-03  -6.9159426430E-04
   31      6.0432553535E-02   1.4424542989E-01  -1.1953828557E-01  -4.5902262348E-04   1.8897674750E-04
   32     -8.8275385576E-02  -1.1953828557E-01   2.1820811911E-01  -1.9523617381E-04  -2.8182317974E-04
   33      1.1568786763E-03  -4.5902262348E-04  -1.9523617381E-04   8.6989546715E-02  -5.9491214442E-02
   34     -6.9159426430E-04   1.8897674750E-04  -2.8182317974E-04  -5.9491214442E-02   1.5403791505E-01
   35      5.2599505354E-04  -2.7643569936E-04   7.1519650412E-04  -7.2397985298E-02   1.3111302856E-01
   36     -3.4467785666E-03   3.7426998745E-03  -1.8853877230E-03  -4.4237701785E-03  -6.2178831800E-03
   37      3.0652049418E-03  -1.6555557504E-03   1.3246174191E-03   8.2977230113E-03   1.3361637338E-02
   38     -2.2370151880E-03   1.0334122779E-03   2.5598919790E-04   7.8698374517E-03   1.4693274254E-02
   39     -1.2419039685E-04  -1.5859064799E-06  -1.0309564947E-04  -4.6609599657E-05  -2.9909465549E-04
   40     -1.2647331196E-04   2.6034011445E-04  -2.9008813357E-04   6.4993133186E-04   3.9265835660E-04
   41      8.6192427712E-05  -1.6891236894E-04   1.0784929001E-04   6.5722144470E-05   2.0713058614E-04
                   35                 36                 37                 38                 39        
    0     -1.5935190905E-03   1.4593911577E-03  -1.4491319331E-03  -1.3915053629E-05  -3.9197985373E-05
    1      1.3982236554E-03  -8.1993302387E-04   7.1018825427E-04  -1.0592732560E-03  -2.2139564839E-04
    2     -5.9733377965E-04  -7.4263886364E-04   3.3999127699E-04   9.5407738781E-04  -1.8824306859E-04
    3     -5.7170159676E-03   1.0320235335E-02  -7.8842867433E-03   3.9913303741E-03   5.9337145665E-04
    4      1.0127283483E-02   1.5554593332E-02  -1.1133231028E-02   6.1221394034E-03   1.6421612962E-04
    5      1.1032508730E-02  -1.9057227623E-02   1.3952523415E-02  -8.5603201491E-03   1.9758568727E-04
    6      7.1508395716E-02  -9.2087979148E-02  -6.2857318515E-02   8.1967681362E-02   2.0217418285E-03
    7     -1.2184861799E-01  -6.0422277467E-02  -1.4528319908E-01   1.1979044828E-01  -2.5225943407E-03
    8     -1.9926535683E-01   7.4695014611E-02   1.1488412680E-01  -2.0121665725E-01   2.6918247303E-03
    9      6.0272944483E-03  -9.7564823466E-03  -5.2678768044E-03  -6.9181807281E-03  -2.2852399110E-02
   10     -6.7758944822E-03  -1.4535636610E-02  -1.1674414995E-02  -9.2715397069E-03  -1.9341785024E-02
   11     -1.2748235088E-02   2.4540905666E-02   1.5539284165E-02   8.6157830739E-03  -6.9911796134E-03
   12     -4.1264169891E-03   1.7955885680E-03   2.5104277907E-03   2.3928198756E-04   3.1902170415E-04
   13     -2.8317438913E-04   2.0072604312E-03   1.3844357889E-03  -5.1555039776E-04   7.5994751634E-03
   14      2.9350253744E-04  -7.6890610454E-04  -4.9733612339E-04   1.0012579450E-03  -5.0079432103E-03
   15      2.2301684140E-04  -5.3006190438E-03  -3.8541897448E-03  -2.8778479415E-03  -3.1782943576E-01
   16      1.1626910729E-03  -4.2610508489E-03  -1.3066914464E-03  -1.8776417309E-03  -1.7244225962E-01
   17      9.3748262523E-04  -3.0455123541E-03  -1.7109851253E-03  -2.6507359413E-04  -1.6486543206E-01
   18     -1.9664293980E-04  -1.7739029170E-04   5.5842625536E-04  -1.3401201967E-04   7.8906740967E-05
   19     -3.5908971661E-05  -2.1316777274E-04  -2.0254182514E-04   3.9214921393E-04   6.0647796528E-05
   20      8.6442717420E-05   5.7157104528E-04  -5.3302329802E-04   4.8971853109E-04   1.1866311394E-05
   21      3.2753675047E-05  -7.8114954956E-05   2.0370710678E-05  -1.7208393901E-05  -1.3091336392E-04
   22      7.3215901978E-05   2.2317818606E-05  -1.3235408628E-04  -1.0319891327E-05   1.8978648699E-04
   23     -9.4225375234E-05   1.3224584164E-04  -1.9207946777E-05   1.2521238685E-05   1.8874716480E-04
   24     -4.2457150556E-04   2.9846220835E-06   8.1958253463E-05  -7.2386569934E-05   8.1092768060E-05
   25      3.8774949896E-04  -2.9202947695E-04   3.5929143993E-04  -1.6593519509E-04   5.3592001607E-05
   26      4.8142179718E-04  -8.2195267574E-05  -2.1492336465E-04   7.2012960220E-06   6.9717814166E-05
   27      6.7089469500E-04   1.0379000846E-03   6.1176977050E-06  -1.3242122652E-04   1.6704245906E-04
   28     -4.2726663112E-04  -8.0317006189E-04   8.1537156364E-04  -2.1491630825E-04   3.3860954979E-05
   29      6.4107578610E-04   2.7528530903E-04  -4.8272711569E-04  -3.7033945660E-05   1.4755591647E-05
   30      5.2599505354E-04  -3.4467785666E-03   3.0652049418E-03  -2.2370151880E-03  -1.2419039685E-04
   31     -2.7643569936E-04   3.7426998745E-03  -1.6555557504E-03   1.0334122779E-03  -1.5859064799E-06
   32      7.1519650412E-04  -1.8853877230E-03   1.3246174191E-03   2.5598919790E-04  -1.0309564947E-04
   33     -7.2397985298E-02  -4.4237701785E-03   8.2977230113E-03   7.8698374517E-03  -4.6609599657E-05
   34      1.3111302856E-01  -6.2178831800E-03   1.3361637338E-02   1.4693274254E-02  -2.9909465549E-04
   35      2.1292634349E-01   5.8093194520E-03  -1.4788950240E-02  -1.4363865412E-02  -3.2235608476E-04
   36      5.8093194520E-03   1.0093271513E-01   6.7417415763E-02  -8.1160538119E-02  -2.7768036430E-04
   37     -1.4788950240E-02   6.7417415763E-02   1.5504405956E-01  -1.2851991457E-01  -6.4444483593E-04
   38     -1.4363865412E-02  -8.1160538119E-02  -1.2851991457E-01   2.1260522597E-01  -5.0723245662E-04
   39     -3.2235608476E-04  -2.7768036430E-04  -6.4444483593E-04  -5.0723245662E-04   3.3803924962E-01
   40      1.7249520487E-04  -1.1795346253E-03  -2.8699573525E-04  -4.0266106348E-04   1.8737200241E-01
   41     -4.4957701753E-05   7.2069065053E-04   7.3285339680E-04   5.0117571097E-04   1.7481015348E-01
                   40                 41        
     0      1.3016873027E-04   5.5908615115E-05
     1      1.0381341124E-04   5.3493844975E-05
     2      1.8094211172E-04   7.8085735080E-05
     3      8.2118386162E-05  -3.6021656717E-04
     4      5.6326211427E-05  -1.6351970787E-04
     5      1.5913651879E-05  -3.0188767014E-04
     6     -2.2379778595E-03   7.9809819372E-04
     7      2.1542607558E-05   3.7238270292E-03
     8      5.7968198160E-03  -2.3204584391E-03
     9     -3.5170927953E-02   2.8646476804E-02
    10     -1.8050412265E-02   1.5382704409E-02
    11     -1.3495490544E-02   2.2641840065E-02
    12      7.0770065475E-03  -3.6067915839E-03
    13      1.4724410093E-03  -3.7454471943E-03
    14     -4.8573458599E-03  -4.4163968678E-03
    15     -1.5683169292E-01  -2.0112857399E-01
    16     -1.1213664200E-01  -1.0222325639E-01
    17     -7.3033814106E-02  -1.5791126679E-01
    18     -2.6441058376E-05   6.6858051846E-06
    19     -5.6487792455E-05   4.1803000035E-05
    20     -7.8552502600E-05   2.4719871704E-05
    21     -1.8391149210E-05   3.6464754007E-06
    22      6.5915034723E-05  -6.8613045022E-05
    23     -6.3726693742E-05   5.1864249301E-05
    24      5.7481349353E-05  -4.4077157336E-05
    25     -3.6183387298E-05  -4.1364641390E-05
    26     -8.1894306086E-06  -3.8232753822E-05
    27      2.2230921805E-04  -5.3083938617E-05
    28      1.0484638651E-04  -4.7589155963E-06
    29     -2.1581837526E-04  -2.2309536613E-05
    30     -1.2647331196E-04   8.6192427712E-05
    31      2.6034011445E-04  -1.6891236894E-04
    32     -2.9008813357E-04   1.0784929001E-04
    33      6.4993133186E-04   6.5722144470E-05
    34      3.9265835660E-04   2.0713058614E-04
    35      1.7249520487E-04  -4.4957701753E-05
    36     -1.1795346253E-03   7.2069065053E-04
    37     -2.8699573525E-04   7.3285339680E-04
    38     -4.0266106348E-04   5.0117571097E-04
    39      1.8737200241E-01   1.7481015348E-01
    40      1.2808883805E-01   8.6276787958E-02
    41      8.6276787958E-02   1.4164997483E-01

$vibrational_frequencies
42
    0        0.0000000000000000
    1        0.0000000000000000
    2        0.0000000000000000
    3        0.0000000000000000
    4        0.0000000000000000
    5        0.0000000000000000
    6       37.8996831801996805
    7      108.6012794572859832
    8      199.6954621808856132
    9      280.2083474602138153
   10      384.3230351340566244
   11      462.5579208537518525
   12      574.6524946914557859
   13      619.6880487826092576
   14      720.8879388708733131
   15      794.5229230479537819
   16      892.0095870702509728
   17      917.1599204932217617
   18      942.7363791039491616
   19     1083.4979907175563767
   20     1123.0501714250722216
   21     1141.6936226531740886
   22     1236.7207778006279568
   23     1280.9901911760989606
   24     1320.8489968081833013
   25     1370.1867351751423030
   26     1417.6860350318186192
   27     1432.7263052109110504
   28     1460.4513707898420307
   29     1504.2081031010152401
   30     1522.5286857658736608
   31     1532.2229818854536916
   32     1533.2616261495436447
   33     1893.3112165405707401
   34     3103.7663625842915280
   35     3117.8008670408207763
   36     3130.6890643131068828
   37     3168.6912313368852665
   38     3194.4101734718988155
   39     3199.3818889758613295
   40     3204.9954155000000355
   41     3880.4559383192436144

$normal_modes
42 42
                    0                  1                  2                  3                  4        
    0      0.0000000000E+00   0.0000000000E+00   0.0000000000E+00   0.0000000000E+00   0.0000000000E+00
    1      0.0000000000E+00   0.0000000000E+00   0.0000000000E+00   0.0000000000E+00   0.0000000000E+00
    2      0.0000000000E+00   0.0000000000E+00   0.0000000000E+00   0.0000000000E+00   0.0000000000E+00
    3      0.0000000000E+00   0.0000000000E+00   0.0000000000E+00   0.0000000000E+00   0.0000000000E+00
    4      0.0000000000E+00   0.0000000000E+00   0.0000000000E+00   0.0000000000E+00   0.0000000000E+00
